  0  None   0   0   0 0
  1  Gray 195 112 197 0
  2 White 231 216 103 0
  3  None  26 101  71 0
  4    AG  54 107  58 0
  5  CALC 217 227  37 0
  6   CGa 189  88  24 0
  7   CGp 103 206 179 0
  8    CN  78 254 174 0
  9   aCO 121 199 117 0
 10   SFg  37 217 136 0
 11  aMFg 126 168  76 0
 12   iFo 135  69 103 0
 13   iFt 130  61  39 0
 14   FMC  58 109 202 0
 15    FO 238 152  51 0
 16   FOC 132 107 126 0
 17    FP 117 196  77 0
 18     H 198   7  38 0
 19  aINS 187 177 246 0
 20  pINS 154 192 188 0
 21  pSMA  15 243 132 0
 22    LG  18  99 229 0
 23    OF 162  14 180 0
 24   OLi 223  96 101 0
 25   OLs 109 168 164 0
 26    OC 181 179  78 0
 27   PAC  18  23  22 0
 28   PCN   5 242 226 0
 29   PHa 130 136  24 0
 30   PHp 222 232 243 0
 31    PO 204  79 158 0
 32   POG 204 185 194 0
 33    PP  50  98 158 0
 34   PRG 182 229 148 0
 35    PT  55  17  72 0
 36   SCC 201  68  25 0
 37  SCLC  44 159 184 0
 38  aSMg  53 173 215 0
 39  pSMg 118 188 209 0
 40   SPL  19 238 139 0
 41  aSTg 152 157  93 0
 42  aMTg  49 188 128 0
 43  aITg 238 162  84 0
 44  pSTg  78  43  59 0
 45  pMTg 118  69 154 0
 46  pITg 212 207  12 0
 47   TFa  77 103 188 0
 48   TFp 181 168 124 0
 49   MTO  19  73 251 0
 50   ITO 191 245 250 0
 51   TOF 120 147  36 0
 52    TP 241 246 237 0
 53  CGPC   4 131   4 0
 54 BASFB  14 220 186 0
 55  aSMA 188  57 187 0
 56   vMC 162  62  17 0
 57   dMC 237 229 203 0
 58 adPMC 118 181 116 0
 59 mdPMC 131 249  54 0
 60 pdPMC 108 117 187 0
 61  vPMC 106 189 147 0
 62 adSTs  99 171 201 0
 63 avSTs 218   8  21 0
 64 pdSTs 210  89  96 0
 65 pvSTs 233  21  51 0
 66  vSSC 213  16 165 0
 67   pCO 221 194  32 0
 68  dSSC 198 160 129 0
 69  pMFg 110 135  27 0
 70  None 111 252   7 0
 71  None  57  77  13 0
 72  None   3  46  47 0
 73  None  96 145 130 0
 74  None 214 119 165 0
 75  None  73 100 130 0
 76  None  72   7 153 0
 77  None  83  87  86 0
 78  None 121 249 184 0
 79  None  58 147  30 0
 80  None 245 197 133 0
 81  None  78 160 254 0
 82  None 199 187  80 0
 83  None 228  38 129 0
 84  None  65 106 209 0
 85  None  37  18  76 0
 86  None  87 225 181 0
 87  None 187 212 222 0
 88  None   9  80 167 0
 89  None 139 229 220 0
 90  None 142 192 236 0
 91  None 171  39 239 0
 92  None 149 182 170 0
 93  None 175 215 152 0
 94  None 195 200 103 0
 95  None 229 254  34 0
 96  None 247 149  77 0
 97  None 231  92 117 0
 98  None  46  95 128 0
 99  None 250 252 195 0
100  None 229 226 241 0
101  None   7  47 166 0
102  None  72  62 241 0
103  None  48  63 118 0
104  None 155  44  69 0
105  None  53  85  18 0
106  None 254 104  48 0
107  None   4 159  89 0
108  None 112 229 233 0
109  None  38 173   4 0
110  None 158  34 252 0
111  None 192 121  44 0
112  None  72 247 103 0
113  None 134 127 102 0
114  None  80 101 200 0
115  None  46 252 129 0
116  None 199 196 143 0
117  None 206 251 179 0
118  None 184  61  73 0
119  None  12 119 252 0
120  None 156   9  57 0
121  None  85 188 128 0
122  None 149 217 110 0
123  None 233 132 132 0
124  None 128  37  12 0
125  None 106 198 246 0
126  None 204 114  17 0
127  None 227  42 130 0
128  None 131  65 180 0
129  None  99 186 159 0
130  None 237  16  58 0
131  None  72  29 161 0
132  None 196 208  39 0
133  None 186 118  79 0
134  None 233 232 166 0
135  None  27 229 213 0
136  None 227  53   5 0
137  None 152 223 103 0
138  None   3  61 204 0
139  None  61 174  41 0
140  None  32 245  80 0
141  None 225 109 161 0
142  None 207  44 151 0
143  None 195 101  14 0
144  None 207 171 222 0
145  None 174 124 186 0
146  None 159  98   4 0
147  None  94 144 190 0
148  None  52 125  74 0
149  None  70  40 193 0
150  None 123 166  26 0
151  None 102 185  58 0
152  None 179   1 124 0
153  None  82 232 223 0
154  None  12 169 148 0
155  None 198  13 107 0
156  None 141 115 207 0
157  None  17  42 177 0
158  None 127 120 113 0
159  None 213 210 120 0
160  None 118 217 225 0
161  None 199 246 165 0
162  None 125 207  37 0
163  None 177  67  54 0
164  None 251  53  32 0
165  None  90 238 137 0
166  None 159 100 214 0
167  None 132  16  61 0
168  None 208  11   6 0
169  None 125   2  38 0
170  None 187 208 121 0
171  None 181 233 224 0
172  None 213 189 220 0
173  None   3  52 254 0
174  None  12  60 193 0
175  None 128 229 226 0
176  None  74 201  94 0
177  None   4  47 183 0
178  None 203 129  73 0
179  None  17  16 201 0
180  None  79  34  52 0
181  None  87   6 110 0
182  None 208 222 160 0
183  None   1 157 143 0
184  None 126  86  63 0
185  None 156 175 167 0
186  None  95  55  34 0
187  None  51  59 131 0
188  None 228 113  70 0
189  None 252  85 150 0
190  None 235  68  68 0
191  None 101 193 200 0
192  None 169 106  38 0
193  None 138 242 197 0
194  None  54 213 133 0
195  None  78 228 150 0
196  None   3  65 132 0
197  None   1 133  36 0
198  None 252  86  81 0
199  None 207 167 220 0
200  None 196 101 111 0
201  None 230  26  15 0
202  None  32 118 226 0
203  None  25 142  65 0
204  None 141  77  73 0
205  None   2 161  57 0
206  None  32 134 151 0
207  None  14  79 144 0
208  None 194 118 221 0
209  None  18  34  56 0
210  None 183 194  77 0
211  None  36  34 150 0
212  None 157 110 230 0
213  None 120 219 134 0
214  None 130 119 171 0
215  None  88  73 173 0
216  None  22  17 243 0
217  None  65 168 159 0
218  None 134 161 117 0
219  None  36 187 165 0
220  None  31 244 250 0
221  None 128  94 107 0
222  None  73  18 249 0
223  None  29 221 132 0
224  None 128  75 138 0
225  None  96 141  97 0
226  None  69 199 217 0
227  None 244  18 139 0
228  None 117 162 208 0
229  None  62  10 124 0
230  None 212   6  30 0
231  None  77 184  37 0
232  None   8 226 200 0
233  None 252 239  69 0
234  None 122 236 142 0
235  None 154 193  35 0
236  None 132  96 108 0
237  None 249 213  15 0
238  None  63 175 203 0
239  None 170 142 143 0
240  None  37  22 197 0
241  None 103 141 254 0
242  None  36 173  23 0
243  None  88 109 184 0
244  None 140  42 254 0
245  None  11 177  28 0
246  None  59 132 116 0
247  None 102 204  34 0
248  None  31 199 179 0
249  None 113 237  78 0
250  None  13 185  16 0
251  None 254  24  44 0
252  None 177 115  49 0
253  None 157 249 171 0
254  None 157 247  99 0
255  None 212 165  18 0
